0.000
1.970
-0.684
-1.732
1.285
1.286
-1.732
-0.685
1.969
0.001
-1.970
0.683
1.733
-1.285
-1.287
1.731
0.686
-1.969
-0.002
1.970
-0.682
-1.733
1.284
1.287
-1.731
-0.686
1.969
0.003
-1.970
0.681
1.734
-1.283
-1.288
1.730
0.687
-1.969
-0.004
1.970
-0.680
-1.734
1.282
1.289
-1.730
-0.688
1.969
0.005
-1.970
0.679
1.735
-1.282
-1.290
1.729
0.689
-1.969
-0.006
1.971
-0.679
-1.735
1.281
1.290
-1.729
-0.690
1.968
0.006
-1.971
0.678
1.735
-1.280
-1.291
1.728
0.691
-1.968
-0.007
1.971
-0.677
-1.736
1.280
1.292
-1.728
-0.692
1.968
0.008
-1.971
0.676
1.736
-1.279
-1.292
1.728
0.693
-1.968
-0.009
1.971
-0.675
-1.737
1.278
1.293
-1.727
-0.693
1.968
0.010
-1.971
0.674
1.737
-1.277
-1.294
1.727
0.694
-1.968
-0.011
1.972
-0.673
-1.738
1.277
1.294
-1.726
-0.695
1.968
0.012
-1.972
0.673
1.738
-1.276
-1.295
1.726
0.696
-1.967
-0.013
1.972
-0.672
-1.739
1.275
1.296
-1.725
-0.697
1.967
0.014
-1.972
0.671
1.739
-1.275
-1.297
1.725
0.698
-1.967
-0.015
1.972
-0.670
-1.740
1.274
1.297
-1.724
-0.699
1.967
0.016
-1.972
0.669
1.740
-1.273
-1.298
1.724
0.699
-1.967
-0.017
1.972
-0.668
-1.740
1.272
1.299
-1.723
-0.700
1.967
0.018
-1.973
0.667
1.741
-1.272
-1.299
1.723
0.701
-1.966
-0.019
