59
61
53
55
65
51
46
41
50
63
40
34
39
38
47
55
62
55
38
58
67
56
53
67
61
43
49
34
44
65
34
47
57
54
68
65
48
57
37
64
51
56
41
56
37
55
54
65
53
58
54
51
58
50
49
50
36
42
62
59
38
40
37
38
60
48
35
51
36
38
58
53
60
66
52
63
64
37
36
48
39
56
43
63
50
35
56
52
43
61
42
47
67
57
52
35
36
53
52
38
34
54
34
38
51
52
44
58
56
47
49
61
46
35
67
62
37
66
46
58
58
66
49
34
55
44
35
34
63
66
39
40
51
39
44
45
58
55
46
57
68
38
49
45
40
59
51
55
56
40
44
57
37
59
57
35
34
36
36
40
45
53
59
39
58
34
62
59
67
39
47
43
43
39
67
49
64
49
35
63
55
58
64
35
48
64
37
61
43
51
67
54
35
57
36
36
35
64
62
45
34
52
55
56
58
53
48
65
45
50
37
66
39
67
44
65
62
59
57
37
41
68
34
54
68
37
57
46
67
62
58
45
45
44
67
46
40
46
43
51
39
58
60
56
56
35
53
61
61
53
64
68
64
65
66
41
68
54
53
43
47
42
54
35
64
52
48
35
42
34
52
47
58
55
35
57
57
66
49
61
62
57
37
58
53
34
65
64
54
61
50
44
35
36
46
65
66
37
44
39
37
39
65
38
61
43
61
61
52
41
53
45
64
56
46
60
57
54
67
54
47
49
65
60
51
54
68
60
57
43
43
60
49
51
64
53
60
68
45
43
52
64
66
60
51
44
51
51
64
62
37
54
42
45
45
36
65
45
62
65
54
36
68
46
53
40
65
56
39
41
42
57
48
40
48
43
50
43
60
57
36
63
43
44
51
54
46
47
65
51
43
63
66
42
52
62
48
49
50
65
68
58
54
48
64
45
57
57
66
48
46
68
55
55
55
37
52
44
63
61
62
49
55
36
35
38
64
61
65
45
58
65
47
55
56
54
43
44
43
41
35
67
52
56
53
39
37
48
61
66
40
66
58
38
68
59
55
64
52
51
52
53
59
42
39
46
63
60
56
49
67
35
47
63
34
43
45
37
57
37
46
41
35
36
45
46
61
66
53
56
49
49
40
39
57
57
64
63
49
63

/*Max 68 y min 34*/