2.727892
2.653183
2.570037
2.478719
2.379519
2.272752
2.158759
2.037900
1.910562
1.777148
1.638083
1.493809
1.344785
1.191485
1.034396
0.874018
0.710860
0.545443
0.378290
0.209935
0.040912
-0.128241
-0.296986
-0.464786
-0.631109
-0.795425
-0.957212
-1.115954
-1.271148
-1.422301
-1.568930
-1.710570
-1.846771
-1.977100
-2.101142
-2.218502
-2.328808
-2.431708
-2.526876
-2.614009
-2.692830
-2.763088
-2.824559
-2.877049
-2.920390
-2.954445
-2.979105
-2.994292
-2.999958
-2.996084
-2.982683
-2.959797
-2.927500
-2.885894
-2.835111
-2.775312
-2.706689
-2.629458
-2.543867
-2.450186
-2.348714
-2.239773
-2.123710
-2.000894
-1.871716
-1.736586
-1.595933
-1.450206
-1.299867
-1.145395
-0.987281
-0.826027
-0.662147
-0.496161
-0.328597
-0.159989
0.009129
0.178217
0.346738
0.514157
0.679941
0.843563
1.004503
1.162248
1.316298
1.466161
1.611363
1.751441
1.885949
2.014461
2.136566
2.251878
2.360029
2.460675
2.553497
2.638199
2.714512
2.782193
2.841028
2.890828
2.931435
2.962721
2.984587
2.996961
2.999806
2.993111
2.976899
2.951221
2.916158
2.871823
2.818355
2.755925
2.684732
2.605002
2.516988
2.420971
2.317255
2.206171
2.088071
1.963332
1.832349
1.695540
1.553339
1.406199
1.254588
1.098987
0.939891
0.777806
0.613249
0.446741
0.278813
0.109998
-0.059167
-0.228144
-0.396395
-0.563385
-0.728585
-0.891467
-1.051515
-1.208218
-1.361080
-1.509614
-1.653348
-1.791824
-1.924602
-2.051261
-2.171396
-2.284627
-2.390594
-2.488958
-2.579408
-2.661655
-2.735439
-2.800525
-2.856705
-2.903802
-2.941665
-2.970173
-2.989237
-2.998796
-2.998819
-2.989306
-2.970287
-2.941823
-2.904005
-2.856952
-2.800815
-2.735772
-2.662029
-2.579821
-2.489410
-2.391082
-2.285152
-2.171955
-2.051851
-1.925223
-1.792473
-1.654023
-1.510313
-1.361801
-1.208959
-1.052272
-0.892239
-0.729369
-0.564180
-0.397197
-0.228950
-0.059976
0.109189
0.278007
0.445941
0.612457
0.777025
0.939122
1.098234
1.253853
1.405485
1.552647
1.694873
1.831709
1.962720
2.087490
2.205623
2.316741
2.420493
2.516548
2.604601
2.684371
2.755606
2.818078
2.871589
2.915968
2.951076
2.976799
2.993056
2.999796
2.996997
2.984668
2.962849
2.931607
2.891044
2.841287
2.782496
2.714857
2.638584
2.553922
2.461138
2.360528
2.252412
2.137134
2.015060
1.886578
1.752098
1.612046
1.466867
1.317025
1.162994
1.005265
0.844340
0.680729
0.514954
0.347542
0.179025
0.009938
-0.159181
-0.327793
-0.495363
-0.661358
-0.825249
-0.986517
-1.144647
-1.299138
-1.449498
-1.595248
-1.735926
-1.871084
-2.000292
-2.123139
-2.239235
-2.348210
-2.449719
-2.543438
-2.629069
-2.706340
-2.775005
-2.834846
-2.885673
-2.927323
-2.959665
-2.982596
-2.996043
-2.999962
-2.994342
-2.979201
-2.954586
-2.920575
-2.877278
-2.824832
-2.763403
-2.693186
-2.614406
-2.527312
-2.432182
-2.329318
-2.219046
-2.101719
-1.977708
-1.847409
-1.711235
-1.569620
-1.423013
-1.271881
-1.116705
-0.957978
-0.796205
-0.631900
-0.465586
-0.297791
-0.129049
0.040103
0.209128
0.377488
0.544647
0.710074
0.873244
1.033637
1.190742
1.344062
1.493107
1.637405
1.776496
1.909938
2.037306
2.158197
2.272224
2.379026
2.478263
2.569620
2.652805
2.727555
2.793632
2.850826
2.898954
2.937864
2.967432
2.987563
2.998195
2.999293
2.990854
2.972904
2.945501
2.908731
2.862712
2.807590
2.743540
2.670767
2.589500
2.499999
2.402549
2.297459
2.185063
2.065719
1.939806
1.807725
1.669896
1.526757
1.378763
1.226384
1.070106
0.910425
0.747849
0.582895
0.416087
0.247956
0.079037
-0.090133
-0.259017
-0.427077
-0.593780
-0.758594
-0.920995
-1.080469
-1.236506
-1.388612
-1.536302
-1.679106
-1.816572
-1.948261
-2.073755
-2.192654
-2.304581
-2.409180
-2.506118
-2.595087
-2.675804
-2.748012
-2.811482
-2.866012
-2.911428
-2.947587
-2.974372
-2.991699
-2.999514
-2.997790
-2.986533
-2.965780
-2.935596
-2.896077
-2.847349
-2.789567
-2.722915
-2.647604
-2.563874
-2.471991
-2.372248
-2.264961
-2.150472
-2.029144
-1.901365
-1.767539
-1.628093
-1.483469
-1.334129
-1.180546
-1.023209
-0.862618
-0.699285
-0.533727
-0.366473
-0.198053
-0.029004
0.140138
0.308834
0.476548
0.642747
0.806902
0.968491
1.127000
1.281926
1.432775
1.579069
1.720341
1.856142
1.986042
2.109626
2.226501
2.336297
2.438664
2.533276
2.619832
2.698058
2.767704
2.828550
2.880401
2.923093
2.956490
2.980485
2.995003
2.999997
2.995452
2.981382
2.957831
2.924875
2.882618
2.831194
2.770768
2.701531
2.623704
2.537534
2.443295
2.341286
2.231832
2.115282
1.992005
1.862394
1.726861
1.585836
1.439769
1.289124
1.134379
0.976027
0.814572
0.650526
0.484411
0.316757
0.148095
-0.021038
-0.190104
-0.358565
-0.525887
-0.691536
-0.854986
-1.015717
-1.173218
-1.326989
-1.476540
-1.621396
-1.761096
-1.895196
-2.023270
-2.144910
-2.259729
-2.367363
-2.467469
-2.559728
-2.643848
-2.719561
-2.786627
-2.844831
-2.893988
-2.933944
-2.964570
-2.985769
-2.997473
-2.999646
-2.992281
-2.975401
-2.949059
-2.913339
-2.868356
-2.814252
-2.751198
-2.679397
-2.599075
-2.510488
-2.413919
-2.309673
-2.198083
-2.079504
-1.954312
-1.822905
-1.685702
-1.543139
-1.395668
-1.243760
-1.087896
-0.928574
-0.766298
-0.601586
-0.434961
-0.266953
-0.098095
0.071074
0.240017
0.408197
0.575078
0.740132
0.902831
1.062660
1.219110
1.371683
1.519894
1.663272
1.801362
1.933723
2.059935
2.179597
2.292328
2.397770
2.495587
2.585469
2.667129
2.740308
2.804773
2.860320
2.906771
2.943979
2.971825
2.990222
2.999110
2.998461
2.988277
2.968592
2.939466
2.900994
2.853296
2.796526
2.730863
2.656516
2.573722
2.482744
2.383871
2.277418
2.163722
2.043147
1.916074
1.782909
1.644074
1.500011
1.351179
1.198050
1.041111
0.880862
0.717812
0.552479
0.385389
0.217074
0.048069
-0.121090
-0.289863
-0.457714
-0.624110
-0.788522
-0.950426
-1.109308
-1.264662
-1.415995
-1.562825
-1.704686
-1.841126
-1.971711
-2.096027
-2.213678
-2.324289
-2.427510
-2.523011
-2.610490
-2.689667
-2.760292
-2.822140
-2.875013
-2.918744
-2.953194
-2.978254
-2.993843
-2.999911
-2.996441
-2.983442
-2.960957
-2.929056
-2.887841
-2.837443
-2.778022
-2.709768
-2.632897
-2.547653
-2.454309
-2.353160
-2.244528
-2.128759
-2.006221
-1.877304
-1.742417
-1.601989
-1.456467
-1.306314
-1.152007
-0.994036
-0.832905
-0.669125
-0.503218
-0.335710
-0.167135
0.001972
0.171072
0.339628
0.507105
0.672969
0.836693
0.997756
1.155647
1.309863
1.459913
1.605322
1.745625
1.880378
2.009151
2.131536
2.247143
2.355604
2.456574
2.549733
2.634784
2.711457
2.779508
2.838721
2.888906
2.929906
2.961588
2.983854
2.996630
2.999879
2.993587
2.977777
2.952498
2.917830
2.873884
2.820800
2.758745
2.687918
2.608544
2.520876
2.425191
2.321794
2.211014
2.093204
1.968738
1.838011
1.701440
1.559458
1.412517
1.261085
1.105643
0.946685
0.784717
0.620253
0.453817
0.285938
0.117150
-0.052011
-0.221007
-0.389299
-0.556354
-0.721640
-0.884631
-1.044809
-1.201664
-1.354699
-1.503425
-1.647371
